-0.000069
-0.000069
-0.000069
-0.000069
-0.000069
-0.000069
-0.000069
-0.000069
-0.000069
-0.000069
-0.000069
-0.000069
-0.000069
-0.000069
-0.000069
-0.000069
-0.000069
-0.000069
-0.000069
-0.000069
-0.000069
-0.000069
-0.000069
-0.000069
-0.000069
-0.000069
-0.000069
-0.000069
-0.000069
-0.000069
-0.000069
-0.000069
-0.000069
-0.000069
-0.000069
-0.000069
-0.000069
-0.000069
-0.000069
-0.000069
-0.000069
-0.000069
-0.000069
-0.000069
-0.000069
-0.000069
-0.000069
-0.000069
-0.000069
-0.000069
-0.000069
-0.000069
-0.000069
-0.000069
-0.000069
-0.000069
-0.000069
-0.000069
-0.000069
-0.000069
-0.000069
-0.000069
-0.000069
-0.000102
-0.000040
-0.000133
-0.000089
-0.000130
-0.000083
-0.000080
-0.000078
-0.000081
-0.000082
-0.000082
-0.000080
-0.000080
-0.000080
-0.000080
-0.000081
-0.000081
-0.000081
-0.000081
-0.000081
-0.000084
-0.000082
-0.000087
-0.000082
-0.000082
-0.000083
-0.000084
-0.000084
-0.000084
-0.000084
-0.000084
-0.000084
-0.000084
-0.000084
-0.000084
-0.000084
-0.000084
-0.000084
-0.000084
-0.000084
-0.000084
-0.000084
-0.000084
-0.000084
-0.000084
-0.000085
-0.000085
-0.000085
-0.000085
-0.000085
-0.000084
-0.000083
-0.000083
-0.000083
-0.000083
-0.000083
-0.000083
-0.000083
-0.000083
-0.000083
-0.000083
-0.000083
-0.000083
-0.000083
-0.000083
-0.000083
-0.000083
-0.000083
-0.000083
-0.000083
-0.000083
-0.000083
-0.000083
-0.000083
-0.000083
-0.000083
-0.000083
-0.000083
-0.000084
-0.000083
-0.000084
-0.000083
-0.000083
-0.000091
-0.000098
-0.000079
-0.000092
-0.000079
-0.000078
-0.000077
-0.000077
-0.000076
-0.000075
-0.000076
-0.000077
-0.000077
-0.000076
-0.000076
-0.000076
-0.000076
-0.000076
-0.000076
-0.000076
-0.000076
-0.000076
-0.000076
-0.000076
-0.000094
-0.000080
-0.000080
-0.000080
-0.000080
-0.000080
-0.000080
-0.000080
-0.000080
-0.000080
-0.000080
-0.000080
-0.000080
-0.000080
-0.000080
-0.000080
-0.000080
-0.000080
-0.000080
-0.000080
-0.000080
-0.000080
-0.000080
-0.000080
-0.000080
-0.000080
-0.000080
-0.000080
-0.000080
-0.000080
-0.000080
-0.000080
-0.000080
-0.000080
-0.000080
-0.000080
-0.000080
-0.000080
-0.000084
-0.000085
-0.000080
-0.000080
-0.000080
-0.000079
-0.000078
-0.000066
-0.000056
-0.000075
-0.000114
-0.000096
-0.000080
-0.000143
-0.000136
-0.000080
-0.000080
-0.000080
-0.000080
-0.000080
-0.000080
-0.000080
-0.000080
-0.000080
-0.000080
-0.000080
-0.000080
-0.000080
-0.000080
-0.000080
-0.000080
-0.000080
-0.000080
0.000109
0.000043
-0.000080
-0.000080
-0.000080
-0.000080
-0.000080
-0.000080
-0.000080
-0.000080
-0.000080
-0.000080
-0.000080
-0.000080
-0.000080
-0.000080
-0.000080
-0.000080
-0.000080
-0.000080
-0.000080
-0.000080
-0.000080
-0.000080
-0.000080
-0.000080
-0.000080
-0.000080
-0.000080
-0.000080
-0.000080
-0.000080
-0.000080
-0.000080
-0.000080
-0.000080
-0.000080
-0.000080
-0.000080
-0.000080
-0.000080
-0.000080
-0.000080
-0.000080
-0.000080
-0.000080
-0.000080
-0.000080
-0.000080
-0.000080
-0.000080
-0.000080
-0.000080
-0.000080
-0.000080
-0.000080
-0.000080
-0.000080
-0.000080
-0.000080
-0.000079
-0.000103
-0.000214
0.000583
0.001090
0.000895
0.000765
0.000564
0.000428
0.000115
-0.003552
-0.003800
-0.003300
-0.000151
-0.000291
-0.000500
-0.000635
-0.000880
-0.000957
-0.001167
-0.001277
-0.001458
-0.001590
-0.000374
-0.000077
-0.000101
-0.000079
-0.000121
-0.000075
-0.000092
-0.000078
-0.000079
-0.000080
-0.000085
-0.000076
0.002518
0.003129
0.001165
0.000548
-0.000150
-0.000319
-0.000772
-0.000330
-0.000453
-0.000437
0.000026
0.001818
0.000522
-0.000268
-0.000822
-0.001123
-0.001009
-0.001170
-0.000661
-0.000283
-0.000307
-0.000447
-0.000548
-0.000676
-0.000760
-0.000892
-0.000976
-0.001111
-0.002144
-0.002225
-0.002187
-0.002192
-0.002160
-0.001610
-0.001621
-0.001698
-0.001747
-0.001802
-0.001857
-0.001926
-0.001963
-0.002010
-0.001991
-0.002277
-0.002433
-0.002477
-0.003010
-0.002465
-0.002513
-0.002048
-0.002419
-0.002279
-0.002176
-0.002212
-0.002081
-0.001979
-0.001879
-0.001765
-0.001758
-0.002620
-0.002200
-0.001730
-0.001985
-0.001808
-0.001601
-0.001446
-0.000694
-0.000636
-0.000704
-0.000787
-0.000913
-0.001127
-0.001254
-0.001312
-0.001410
-0.001460
-0.001544
-0.001611
-0.001723
-0.001801
-0.001910
-0.001985
-0.002094
-0.002163
-0.002264
-0.002452
0.000364
0.000286
-0.000187
-0.000110
-0.000017
0.000096
-0.000412
-0.000165
-0.000124
-0.000016
-0.000105
-0.000101
-0.000102
-0.000158
-0.000057
-0.000083
-0.000095
-0.000163
-0.000126
-0.000101
-0.000084
-0.000045
0.000379
-0.000222
-0.000118
0.000339
-0.000000
-0.000069
-0.000090
-0.000700
-0.000033
-0.000032
-0.000075
-0.000077
-0.000077
-0.000077
-0.000077
-0.000077
-0.000077
-0.000077
-0.000077
-0.000207
-0.000075
-0.000074
0.000010
-0.000042
-0.000213
-0.000076
-0.000051
-0.000119
-0.000077
-0.000087
-0.000195
-0.000065
0.000108
-0.000250
-0.000163
-0.000078
-0.000085
-0.000088
-0.000123
-0.000114
-0.000077
-0.000070
-0.000079
-0.000137
-0.000083
-0.000076
-0.000076
-0.000081
-0.000079
-0.000058
-0.000063
-0.000076
-0.000080
-0.000088
-0.000079
-0.000077
-0.000071
-0.000067
-0.000079
-0.000077
-0.000074
-0.000136
-0.000212
-0.000073
-0.000393
-0.000114
-0.000043
-0.000074
-0.000061
-0.000079
-0.000079
-0.000080
-0.000079
-0.000080
-0.000078
-0.000078
-0.000078
-0.000079
-0.000079
-0.000079
-0.000079
-0.000079
-0.000079
-0.000264
-0.000546
-0.001763
0.000255
0.000295
0.000432
0.000306
0.000130
-0.000541
-0.000283
-0.000304
-0.001411
-0.001326
-0.000760
-0.000544
-0.001196
-0.000091
0.000001
0.000001
0.000001
0.000001
0.000001
0.000001
0.000001
0.000001
0.000001
0.000001
0.000001
0.000001
0.000001
0.000001
0.000001
0.000001
0.000001
0.000001
0.000001
0.000001
0.000001
0.000001
0.000001
0.000001
0.000001
0.000001
0.000001
0.000001
0.000001
0.000001
0.000001
0.000001
0.000001
0.000001
0.000001
0.000001
0.000001
0.000001
0.000001
0.000045
0.003180
0.003454
0.003533
0.003556
0.002857
0.002590
0.002530
0.001591
0.001555
0.001764
0.001656
0.001662
0.001008
0.001149
0.000925
0.001251
0.000867
0.000878
0.001106
0.000793
0.000002
0.000001
0.000001
0.000001
0.000001
0.000001
0.000001
0.000001
0.000001
0.000001
0.000001
0.000001
0.000001
0.000001
0.000001
0.000001
0.000001
0.000001
0.000001
0.000001
0.000001
0.000001
0.000001
0.000001
0.000001
0.000001
0.000001
0.000001
0.000001
0.000001
0.000001
0.000001
0.000001
0.000001
0.000001
0.000001
0.000001
0.000001
0.000001
0.000001
0.000001
0.000001
0.000001
0.000001
0.000001
0.000001
0.000001
0.000001
0.000001
0.000001
0.000001
0.000001
0.000001
0.000002
0.002961
0.003313
0.003702
0.002604
0.001709
0.001753
0.002530
0.002252
-0.001310
-0.000339
-0.001389
-0.003700
-0.002086
-0.000861
-0.002581
-0.003332
-0.002223
-0.003332
-0.003870
-0.003253
-0.002266
0.000001
0.000001
0.000001
0.000001
0.000001
0.000001
0.000001
0.000001
0.000001
0.000001
0.000001
0.000001
0.000001
0.000001
0.000001
0.000001
0.000001
0.000001
0.000001
0.000001
0.000001
0.000001
0.000001
0.000001
0.000001
0.000001
0.000001
0.000001
0.000001
0.000001
0.000001
0.000001
0.000001
0.000001
0.000001
0.000001
0.000001
0.000001
0.000001
0.000001
0.000001
0.000001
0.000001
0.000001
0.000001
0.000001
0.000001
0.000001
0.000001
0.000001
0.000001
0.000001
0.002736
0.003594
-0.000029
-0.000069
-0.000158
0.000849
0.000107
0.000612
0.000468
0.000279
0.000198
-0.000988
-0.000346
0.000001
0.000001
0.000001
0.000001
0.000001
0.000001
0.000001
0.000001
0.000001
0.000001
0.000001
0.000001
0.000001
0.000001
0.000001
0.000001
0.000001
0.000001
0.000001
0.000001
0.000001
0.000001
0.000001
0.000001
0.000001
0.000001
0.000001
0.000001
0.000001
0.000001
0.000001
0.000001
0.000001
0.000001
0.000001
0.000001
0.000001
0.000001
0.000001
0.000001
0.000001
0.000001
0.000001
0.000001
0.000001
0.000001
0.000001
0.000001
0.000001
0.000001
0.000001
0.000001
0.000001
0.000001
0.000001
0.000001
0.000001
0.000001
0.000001
0.000001
0.000001
0.000001
0.000001
0.000001
0.000001
0.000001
0.000001
0.000001
0.000001
0.000001
0.000001
0.000001
0.000001
0.000001
0.000001
0.000001
0.000001
0.000001
0.000001
0.000001
0.000001
0.000001
0.000001
0.000001
0.000001
0.000001
0.000001
0.003211
0.003121
0.003537
0.003465
0.003345
0.003264
0.003138
0.003053
0.002922
0.001854
0.003828
0.000678
0.003559
0.001637
0.000682
0.000342
0.000346
-0.000325
-0.000677
-0.000841
-0.001794
-0.003284
-0.002580
-0.002730
-0.003378
-0.002798
-0.003467
-0.003505
-0.003043
-0.003144
-0.001339
-0.000285
-0.000490
-0.000640
-0.000855
-0.000997
-0.001178
-0.001568
-0.002033
-0.001602
-0.001731
-0.001912
-0.002088
-0.002205
-0.002316
-0.002484
-0.002595
-0.002758
-0.002867
-0.003027
-0.003133
-0.003292
-0.003397
-0.003555
-0.003652
-0.003804
0.001519
0.000579
